# Solutions for the advent of code

## Day 5 - thermal radiator controller disassembly

```
00000 INP --> (225)
00002 ADD (225) (6) --> (6)
00006 JNZ 1 238
00238 JNZ 0 99999
00241 JNZ 227 247
00247 JNZ (227) 99999
00250 JNZ (0) 256
00256 JZR 227 99999
00259 JZR 0 265
00265 JZR (0) 99999
00268 JZR (227) 274
00274 JNZ 1 280
00280 ADD (225) (225) --> (225)
00284 ADD 294 0 --> (0)
00288 JNZ 1 (0)
00294 JZR 0 300
00300 ADD (225) (225) --> (225)
00304 ADD 314 0 --> (0)
00308 JZR 0 (0)
00314 LSS 226 226 --> (224)
00318 MUL (223) 2 --> (223)
00322 JNZ (224) 329
00325 ADD (223) 1 --> (223)
00329 LSS (677) 226 --> (224)
00333 MUL (223) 2 --> (223)
00337 JZR (224) 344
00344 EQU 677 (226) --> (224)
00348 MUL 2 (223) --> (223)
00352 JZR (224) 359
00355 ADD (223) 1 --> (223)
00359 LSS (226) (226) --> (224)
00363 MUL (223) 2 --> (223)
00367 JNZ (224) 374
00370 ADD 1 (223) --> (223)
00374 LSS 677 (677) --> (224)
00378 MUL (223) 2 --> (223)
00382 JZR (224) 389
00389 LSS (677) 677 --> (224)
00393 MUL (223) 2 --> (223)
00397 JZR (224) 404
00400 ADD (223) 1 --> (223)
00404 LSS 677 226 --> (224)
00408 MUL (223) 2 --> (223)
00412 JNZ (224) 419
00415 ADD (223) 1 --> (223)
00419 EQU 226 (226) --> (224)
00423 MUL 2 (223) --> (223)
00427 JZR (224) 434
00434 EQU 226 677 --> (224)
00438 MUL (223) 2 --> (223)
00442 JZR (224) 449
00449 EQU 677 226 --> (224)
00453 MUL 2 (223) --> (223)
00457 JNZ (224) 464
00460 ADD (223) 1 --> (223)
00464 LSS 226 (226) --> (224)
00468 MUL 2 (223) --> (223)
00472 JZR (224) 479
00475 ADD (223) 1 --> (223)
00479 EQU (226) 226 --> (224)
00483 MUL 2 (223) --> (223)
00487 JNZ (224) 494
00490 ADD 1 (223) --> (223)
00494 LSS (677) (226) --> (224)
00498 MUL (223) 2 --> (223)
00502 JNZ (224) 509
00509 EQU (226) (677) --> (224)
00513 MUL (223) 2 --> (223)
00517 JZR (224) 524
00524 LSS (226) 226 --> (224)
00528 MUL (223) 2 --> (223)
00532 JZR (224) 539
00539 EQU (677) 677 --> (224)
00543 MUL (223) 2 --> (223)
00547 JZR (224) 554
00554 EQU 677 677 --> (224)
00558 MUL 2 (223) --> (223)
00562 JZR (224) 569
00565 ADD 1 (223) --> (223)
00569 LSS 226 677 --> (224)
00573 MUL 2 (223) --> (223)
00577 JNZ (224) 584
00584 EQU (677) (226) --> (224)
00588 MUL (223) 2 --> (223)
00592 JZR (224) 599
00599 EQU (677) 226 --> (224)
00603 MUL 2 (223) --> (223)
00607 JZR (224) 614
00610 ADD (223) 1 --> (223)
00614 LSS (226) (677) --> (224)
00618 MUL (223) 2 --> (223)
00622 JNZ (224) 629
00625 ADD 1 (223) --> (223)
00629 LSS 226 (677) --> (224)
00633 MUL 2 (223) --> (223)
00637 JNZ (224) 644
00640 ADD 1 (223) --> (223)
00644 EQU (677) (677) --> (224)
00648 MUL 2 (223) --> (223)
00652 JNZ (224) 659
00659 EQU 677 (677) --> (224)
00663 MUL (223) 2 --> (223)
00667 JNZ (224) 674
00670 ADD 1 (223) --> (223)
00674 OUT (223)
00676 EXT
```
 